8364.2,23162,22393,23712
4818.1,14309,14803,19023
